0	131	39
1	89	39
2	0	0
3	0	0
4	12	5
5	38	27
6	6	1
7	15	7
8	17	8
9	0	0
10	0	0
11	0	0
12	1	1
13	0	0
14	31	22
15	53	41
16	0	0
17	0	0
18	0	0
19	0	0
20	0	0
21	0	0
22	35	20
23	0	0
24	7	3
25	8	8
26	2	2
27	2	2
28	29	23
29	15	13
30	0	0
31	1	1
32	2	1
33	0	0
34	0	0
35	13	12
36	4	2
37	0	0
38	0	0
39	16	9
40	0	0
41	0	0
42	3	1
43	0	0
44	23	18
45	9	4
46	4	3
47	26	24
48	0	0
49	3	2
50	7	7
51	4	1
52	1	1
53	0	0
54	0	0
55	0	0
56	20	14
57	28	19
58	12	5
59	9	5
60	0	0
61	22	12
62	7	4
63	1	1
64	0	0
65	4	3
66	0	0
67	0	0
68	4	4
69	1	1
70	14	6
71	17	10
72	35	26
73	0	0
74	0	0
75	0	0
76	0	0
77	23	15
78	0	0
79	1	1
80	4	2
81	0	0
82	25	19
83	0	0
84	0	0
85	0	0
86	0	0
87	2	1
88	33	24
89	0	0
90	0	0
91	1	1
92	21	17
93	10	9
94	36	25
95	0	0
96	24	12
97	10	10
98	0	0
99	8	8
100	1	1
101	6	6
102	0	0
103	1	1
104	34	23
105	0	0
106	0	0
107	0	0
108	0	0
109	3	1
110	0	0
111	0	0
112	22	14
113	21	11
114	0	0
115	3	2
116	25	21
117	3	1
118	2	1
119	0	0
120	33	23
121	0	0
122	1	1
123	2	2
124	1	1
125	0	0
126	27	23
127	3	1
128	30	24
129	33	23
130	17	12
131	0	0
132	0	0
133	0	0
134	0	0
135	0	0
136	28	22
137	42	30
138	31	24
139	37	27
140	0	0
141	0	0
142	0	0
143	0	0
144	1	1
145	0	0
146	0	0
147	9	5
148	21	20
149	0	0
150	0	0
151	2	2
152	55	29
153	56	29
154	147	64
155	143	74
156	38	24
157	32	11
158	5	4
159	38	21
160	117	69
161	11	6
162	158	76
163	40	28
164	23	11
165	11	9
166	7	7
167	19	9
168	18	10
169	31	13
170	47	21
171	20	13
172	121	73
173	22	12
174	7	7
175	18	13
176	19	11
177	3	3
178	14	10
179	35	15
180	3	3
181	23	16
182	36	10
183	20	10
184	30	13
185	73	50
186	29	12
187	18	10
188	21	10
189	33	17
190	53	22
191	97	59
192	9	9
193	13	8
194	145	74
195	10	6
196	7	7
197	22	11
198	32	22
199	42	17
200	30	10
201	9	8
202	25	11
203	9	8
204	51	32
205	97	54
206	1	1
207	0	0
208	0	0
209	8	4
210	0	0
211	4	2
212	49	33
213	0	0
214	3	3
215	0	0
216	3	2
217	0	0
218	0	0
219	3	2
220	20	18
221	11	5
222	3	2
223	0	0
224	0	0
225	1	1
226	43	39
227	0	0
228	24	22
229	0	0
230	0	0
231	0	0
232	1	1
233	0	0
234	0	0
235	0	0
236	0	0
237	1	1
238	1	1
239	0	0
240	0	0
241	0	0
242	0	0
243	0	0
244	0	0
245	32	21
246	0	0
247	0	0
248	0	0
249	6	3
250	0	0
251	2	2
252	3	2
253	4	3
254	5	5
255	48	35
256	1	1
257	0	0
258	0	0
259	18	18
260	0	0
261	1	1
262	19	17
263	0	0
264	5	4
265	0	0
266	1	1
267	13	7
268	0	0
269	33	22
270	0	0
271	7	3
272	0	0
273	0	0
274	4	2
275	0	0
276	0	0
277	0	0
278	0	0
279	3	2
280	7	2
281	40	24
282	0	0
283	4	4
284	0	0
285	0	0
286	43	32
287	0	0
288	1	1
289	3	1
290	5	2
291	0	0
292	7	2
293	0	0
294	21	20
295	2	2
296	3	2
297	0	0
298	14	7
299	10	9
300	0	0
301	46	29
302	1	1
303	0	0
304	5	5
305	0	0
306	64	34
307	44	21
308	9	4
309	0	0
310	2	2
311	0	0
312	13	13
313	0	0
314	0	0
315	21	12
316	0	0
317	0	0
318	21	12
319	26	19
320	9	4
321	3	2
322	37	35
323	1	1
324	12	10
325	15	13
326	1	1
327	0	0
328	0	0
329	1	1
330	2	2
331	0	0
332	1	1
333	8	2
334	8	4
335	0	0
336	0	0
337	3	3
338	6	5
339	2	1
340	0	0
341	0	0
342	3	1
343	2	1
344	0	0
345	3	1
346	1	1
347	0	0
348	1	1
349	10	5
350	0	0
351	43	42
352	0	0
353	4	2
354	0	0
355	4	4
356	8	8
357	0	0
358	9	3
359	0	0
360	0	0
361	47	31
362	3	1
363	2	2
364	5	5
365	12	2
366	0	0
367	0	0
368	0	0
369	2	1
370	20	19
371	15	11
372	0	0
373	11	4
374	1	1
375	0	0
376	1	1
377	5	5
378	1	1
379	28	27
380	9	4
381	0	0
382	15	14
383	1	1
384	3	3
385	0	0
386	5	3
387	1	1
388	1	1
389	0	0
390	2	1
391	0	0
392	0	0
393	9	7
394	0	0
395	2	1
396	0	0
397	6	3
398	2	2
399	0	0
400	0	0
401	4	3
402	0	0
403	0	0
404	0	0
405	8	2
406	0	0
407	0	0
408	65	42
409	82	44
410	10	9
411	0	0
412	2	2
413	1	1
414	2	2
415	0	0
416	0	0
417	2	2
418	4	3
419	0	0
420	6	3
421	42	35
422	3	3
423	0	0
424	42	36
425	6	5
426	21	18
427	8	8
428	0	0
429	40	32
430	27	20
431	4	2
432	39	34
433	3	3
434	28	27
435	18	9
436	6	3
437	2	1
438	23	9
439	38	30
440	0	0
441	0	0
442	0	0
443	3	3
444	4	1
445	16	7
446	0	0
447	0	0
448	1	1
449	0	0
450	9	9
451	0	0
452	0	0
453	7	7
454	5	4
455	0	0
456	0	0
457	14	8
458	43	33
459	0	0
460	27	23
461	0	0
462	3	3
463	0	0
464	21	11
465	0	0
466	3	1
467	0	0
468	27	20
469	47	35
470	0	0
471	34	27
472	1	1
473	0	0
474	0	0
475	2	2
476	0	0
477	1	1
478	0	0
479	0	0
480	32	21
481	0	0
482	0	0
483	18	17
484	0	0
485	1	1
486	0	0
487	0	0
488	14	8
489	13	11
490	2	2
491	6	6
492	3	2
493	4	1
494	16	12
495	0	0
496	6	5
497	36	24
498	0	0
499	0	0
500	29	15
501	0	0
502	0	0
503	11	10
504	1	1
505	21	21
506	0	0
507	0	0
508	2	1
509	22	16
510	200	62
511	85	55
512	0	0
513	3	2
514	64	31
515	0	0
516	20	7
517	0	0
518	13	8
519	0	0
520	4	1
521	32	12
522	0	0
523	9	5
524	1	1
525	72	52
526	0	0
527	4	4
528	23	16
529	22	15
530	4	2
531	0	0
532	0	0
533	63	44
534	8	8
535	74	55
536	55	39
537	0	0
538	4	2
539	0	0
540	1	1
541	2	1
542	21	10
543	2	1
544	60	42
545	0	0
546	0	0
547	7	3
548	2	2
549	54	34
550	2	2
551	0	0
552	33	15
553	0	0
554	0	0
555	20	12
556	4	1
557	0	0
558	1	1
559	73	59
560	4	1
561	13	9
562	15	10
563	64	49
564	8	7
565	7	6
566	56	40
567	0	0
568	0	0
569	0	0
570	0	0
571	0	0
572	8	4
573	0	0
574	18	12
575	65	44
576	0	0
577	5	5
578	0	0
579	2	2
580	0	0
581	40	28
582	0	0
583	2	1
584	5	5
585	0	0
586	0	0
587	0	0
588	78	64
589	20	11
590	11	6
591	4	1
592	0	0
593	11	8
594	0	0
595	12	8
596	2	1
597	0	0
598	2	2
599	1	1
600	0	0
601	50	27
602	67	47
603	0	0
604	7	7
605	70	57
606	0	0
607	0	0
608	0	0
609	9	6
610	0	0
611	13	11
612	0	0
613	13	10
614	0	0
615	0	0
616	3	3
617	74	50
618	1	1
619	23	10
620	0	0
621	14	8
622	14	13
623	0	0
624	58	45
625	0	0
626	0	0
627	20	11
628	44	31
629	9	1
630	0	0
631	9	7
632	0	0
633	53	37
634	0	0
635	0	0
636	0	0
637	3	3
638	0	0
639	1	1
640	9	1
641	21	21
642	7	3
643	11	7
644	0	0
645	3	3
646	19	13
647	21	19
648	16	12
649	2	1
650	0	0
651	12	6
652	0	0
653	26	13
654	0	0
655	0	0
656	5	4
657	0	0
658	0	0
659	0	0
660	3	1
661	0	0
662	63	48
663	78	56
664	0	0
665	0	0
666	3	1
667	0	0
668	0	0
669	0	0
670	3	2
671	6	2
672	5	4
673	30	26
674	0	0
675	44	40
676	1	1
677	0	0
678	2	1
679	1	1
680	4	3
681	3	3
682	27	24
683	1	1
684	0	0
685	0	0
686	4	1
687	13	13
688	5	4
689	5	5
690	26	23
691	0	0
692	0	0
693	10	8
694	0	0
695	0	0
696	39	37
697	4	2
698	0	0
699	0	0
700	0	0
701	2	1
702	0	0
703	22	22
704	0	0
705	29	27
706	0	0
707	1	1
708	5	4
709	8	3
710	57	54
711	8	5
712	6	1
713	4	1
714	6	6
715	32	27
716	13	12
717	47	41
718	4	4
719	47	37
720	0	0
721	38	37
722	0	0
723	35	26
724	0	0
725	0	0
726	0	0
727	0	0
728	15	15
729	1	1
730	1	1
731	0	0
732	1	1
733	8	3
734	7	7
735	43	40
736	13	12
737	10	2
738	3	3
739	21	17
740	10	3
741	5	2
742	0	0
743	16	7
744	53	51
745	1	1
746	0	0
747	1	1
748	12	12
749	0	0
750	0	0
751	0	0
752	3	3
753	0	0
754	1	1
755	0	0
756	27	15
757	11	2
758	0	0
759	0	0
760	0	0
761	1	1
762	38	29
763	41	41
764	0	0
765	3	2
766	0	0
767	41	40
768	2	2
769	0	0
770	6	3
771	11	8
772	0	0
773	9	7
774	0	0
775	0	0
776	0	0
777	1	1
778	32	29
779	12	9
780	5	2
781	0	0
782	0	0
783	1	1
784	0	0
785	55	45
786	1	1
787	0	0
788	0	0
789	3	2
790	0	0
791	7	3
792	0	0
793	11	9
794	21	18
795	0	0
796	0	0
797	0	0
798	1	1
799	0	0
800	0	0
801	23	23
802	0	0
803	1	1
804	0	0
805	5	5
806	4	4
807	7	6
808	68	62
809	0	0
810	0	0
811	10	7
812	1	1
813	70	58
814	89	72
815	80	64
816	91	82
817	101	79
818	0	0
819	8	8
820	47	45
821	32	32
822	2	2
823	0	0
824	57	52
825	16	14
826	4	4
827	6	5
828	60	44
829	1	1
830	0	0
831	0	0
832	46	29
833	0	0
834	0	0
835	0	0
836	2	2
837	28	27
838	0	0
839	32	22
840	11	11
841	8	2
842	16	4
843	0	0
844	27	26
845	17	14
846	52	44
847	0	0
848	0	0
849	9	2
850	50	39
851	0	0
852	0	0
853	0	0
854	0	0
855	0	0
856	54	40
857	32	32
858	5	4
859	2	2
860	3	1
861	0	0
862	0	0
863	6	5
864	43	36
865	30	30
866	0	0
867	7	6
868	1	1
869	0	0
870	1	1
871	16	16
872	0	0
873	0	0
874	0	0
875	4	2
876	17	15
877	87	72
878	5	3
879	24	24
880	0	0
881	31	23
882	0	0
883	48	46
884	7	2
885	0	0
886	20	15
887	0	0
888	3	3
889	71	62
890	0	0
891	28	28
892	102	78
893	1	1
894	0	0
895	2	2
896	1	1
897	6	6
898	0	0
899	0	0
900	0	0
901	0	0
902	0	0
903	1	1
904	24	21
905	3	3
906	42	39
907	47	21
908	0	0
909	3	1
910	1	1
911	5	4
912	19	18
913	42	37
914	9	9
915	0	0
916	1	1
917	0	0
918	29	29
919	0	0
920	33	30
921	6	3
922	1	1
923	0	0
924	36	20
925	6	5
926	4	4
927	0	0
928	0	0
929	5	2
930	0	0
931	37	30
932	11	4
933	0	0
934	0	0
935	46	33
936	0	0
937	33	31
938	0	0
939	5	2
940	18	7
941	0	0
942	0	0
943	33	22
944	0	0
945	36	31
946	0	0
947	0	0
948	0	0
949	0	0
950	3	2
951	12	10
952	0	0
953	0	0
954	58	52
955	32	30
956	67	59
957	6	6
958	0	0
959	1	1
960	0	0
961	0	0
962	28	27
963	0	0
964	7	6
965	7	7
966	0	0
967	0	0
968	4	4
969	0	0
970	0	0
971	0	0
972	0	0
973	50	50
974	0	0
975	0	0
976	0	0
977	49	41
978	4	1
979	37	30
980	0	0
981	21	16
982	1	1
983	10	8
984	0	0
985	40	35
986	31	22
987	0	0
988	0	0
989	0	0
990	0	0
991	21	20
992	0	0
993	0	0
994	3	2
995	0	0
996	22	20
997	5	4
998	0	0
999	87	69
1000	13	13
1001	5	4
1002	12	11
1003	20	13
1004	21	20
1005	3	2
1006	3	1
1007	0	0
1008	58	53
1009	3	1
1010	17	13
1011	1	1
1012	0	0
1013	30	30
1014	0	0
1015	42	37
1016	0	0
1017	0	0
1018	38	31
1019	55	54
1020	39	26
1021	55	47
1022	42	35
1023	42	33
1024	49	49
1025	30	21
1026	41	35
1027	46	40
