0 398
1 75
2 41
3 49
4 35
5 26
6 20
7 21
8 16
9 20
10 11
11 13
12 10
13 13
14 7
15 7
16 8
17 6
18 8
19 5
20 11
21 18
22 8
23 8
24 4
25 3
26 4
27 7
28 7
29 5
30 7
31 5
32 11
33 9
34 2
35 4
36 5
37 4
38 7
39 3
40 5
41 3
42 9
43 6
44 3
45 0
46 4
47 7
48 2
49 3
50 3
51 1
52 1
53 4
54 2
55 5
56 2
57 2
58 3
59 0
60 2
61 0
62 0
63 2
64 3
65 2
66 0
67 2
68 1
69 0
70 2
71 1
72 1
73 2
74 2
75 0
76 0
77 0
78 2
79 0
80 1
81 0
82 1
83 0
84 0
85 1
86 0
87 2
88 0
89 2
90 0
91 1
92 0
93 0
94 0
95 0
96 0
97 2
98 0
99 0
100 0
101 1
102 1
103 0
104 0
105 0
106 0
107 0
108 0
109 0
110 0
111 0
112 0
113 0
114 0
115 0
116 0
117 1
118 0
119 0
120 0
121 1
122 0
123 0
124 0
125 0
126 0
127 0
128 0
129 0
130 0
131 1
132 0
133 0
134 0
135 0
136 0
137 0
138 0
139 0
140 0
141 0
142 0
143 1
144 0
145 1
146 0
147 1
148 0
149 0
150 0
151 0
152 0
153 0
154 0
155 0
156 0
157 0
158 1
159 0
160 0
161 0
162 0
163 0
164 0
165 0
166 0
167 0
168 0
169 0
170 0
171 0
172 0
173 0
174 0
175 0
176 0
177 0
178 0
179 0
180 0
181 0
182 0
183 0
184 0
185 0
186 0
187 0
188 0
189 0
190 0
191 0
192 0
193 0
194 0
195 0
196 0
197 0
198 0
199 0
200 1
